1,300,000
nan
nan
500,000
850,000
1,000,000
2,600,000
20,000,000
8,500,000
12,000,000
1,000,000
nan
nan
1,000,000
nan
3,000,000
2,250,000
464,000
nan
18,500,000
nan
nan
nan
540,000
1,700,000
2,000,000
4,000,000
nan
nan
nan
nan
10,000,000
nan
600,000
700,000
200,000
nan
nan
nan
1,200,000
35,000,000
nan
25,000,000
200,000
15,000,000
nan
1,250,000
nan
nan
nan
50,000,000
nan
1,000,000
nan
nan
1,200,000
1,000,000
nan
nan
650,000
600,000
232,000
1,500,000
1,500,000
350,000
300,000
250,000
nan
7,800,000
500,000
1,000,000
776,000
15,000,000
nan
5,500,000
nan
50,000,000
nan
500,000
12,300,000
1,000,000
100,000
2,000,000
nan
nan
nan
12,500,000
4,000,000
300,000
5,200,000
2,400,000
4,500,000
215,000
31,000,000
nan
4,600,000
2,000,000
500,000
4,000,000
1,000,000
5,000,000
71,000,000
4,000,000
5,000,000
nan
311,000
nan
3,000,000
2,000,000
1,000,000
nan
5,000,000
21,000,000
73,700,000
10,000,000
1,500,000
10,000,000
nan
390,000
104,500,000
1,000,000
nan
nan
nan
nan
nan
233,000
700,000
nan
nan
1,000,000
5,000,000
3,000,000
50,000
nan
nan
nan
nan
1,400,000
7,700,000
600,000
nan
4,000,000
nan
nan
5,000,000
nan
466,000
1,000,000
500,000
nan
nan
3,000,000
500,000
250,000
5,300,000
1,000,000
nan
1,400,000,000
1,000,000
nan
nan
30,000,000
500,000
nan
6,600,000
nan
1,000,000
580,000
8,000,000
nan
nan
nan
nan
3,500,000
nan
nan
1,500,000
80,000,000
5,000,000
7,000,000
3,800,000
8,200,000
nan
40,000,000
nan
nan
2,700,000
6,100,000
3,690,000
7,000,000
500,000
500,000
nan
3,000,000
nan
21,000,000
5,000,000
nan
nan
nan
18,000,000
nan
4,600,000
150,000
2,300,000
5,500,000
100,000
nan
4,000,000
4,500,000
4,500,000
2,100,000
nan
nan
nan
7,700,000
260,000,000
310,000
1,500,000
nan
nan
175,000
620,000
nan
4,650,000
2,000,000
600,000
1,250,000
155,000
3,000,000
nan
1,000,000
6,300,000
250,000,000
3,200,000
nan
245,000
3,100,000
20,000,000
nan
11,000,000
1,500,000
1,000,000
nan
3,600,000
nan
nan
1,500,000
750,000
nan
nan
330,000,000
10,000,000
nan
nan
1,500,000
500,000
2,500,000
nan
7,600,000
nan
275,000
nan
6,700,000
nan
200,000,000
19,500,000
1,200,000
150,000
1,790,000
10,000,000
10,000,000
1,000,000
30,000
3,650,000
15,000,000
1,100,000
120,000
nan
500,000
4,500,000
443,000
nan
600,000
nan
nan
3,350,000
100,000
1,350,000
nan
3,100,000
200,000
nan
1,400,000,000
3,670,000
5,300,000
nan
191,000
15,000,000
56,000,000
382,000
nan
100,000,000
nan
500,000
nan
300,000
nan
325,000
650,000
nan
10,000,000
50,000
nan
nan
nan
155,000
3,000,000
7,000,000
nan
nan
25,000,000
nan
nan
2,500,000
nan
450,000
10,000,000
1,000,000
1,200,000
55,000,000
nan
40,000
6,000,000
nan
8,000,000
500,000
nan
5,800,000
7,500,000
3,200,000
15,000,000
330,000
400,000
300,000
22,400,000
nan
nan
6,500,000
350,000
3,000,000
3,000,000
500,000
400,000
15,200,000
nan
nan
40,000
40,000
38,700,000
15,000,000
40,000
1,100,000
nan
nan
nan
375,000
94,000
1,000,000
70,000,000
366,000
825,000
nan
nan
nan
nan
nan
13,000,000
57,000,000
35,000,000
800,000
5,000,000
2,250,000
nan
100,000
3,500,000
nan
1,350,000
10,000,000
4,100,000
nan
440,000
4,500,000
nan
nan
5,000,000
nan
700,000
800,000
2,000,000
55,000,000
441,000
500,000
147,000
nan
nan
650,000
300,000
nan
1,000,000
nan
nan
nan
nan
nan
nan
50,000
nan
nan
15,000,000
nan
nan
500,000
10,000,000
4,000,000
nan
nan
4,000,000
nan
2,200,000
8,800,000
nan
1,400,000
300,000
nan
106,000
22,500
68,000
18,000
nan
2,000,000
nan
1,200,000
4,000,000
3,600,000
100,000
nan
3,000,000
nan
1,400,000
nan
147,000
nan
nan
nan
nan
nan
9,000,000
440,000
nan
6,500,000
250,000
6,000,000
nan
450,000
250,000
10,000,000
200,000
2,000,000
nan
2,000,000
10,000,000
nan
11,100,000
nan
150,000
1,000,000
nan
nan
297,000
100,000
10,000,000
35,000,000
3,000,000
23,000,000
123,000
nan
7,400,000
50,000
nan
nan
15,000,000
nan
500,000
nan
162,000
nan
324,000
300,000
2,000,000
nan
nan
nan
nan
nan
nan
1,200,000
10,000,000
5,000,000
nan
1,000,000
nan
nan
nan
200,000
55,000,000
150,000
nan
nan
6,000,000
nan
10,000,000
nan
1,000,000
150,000
nan
nan
45,000
3,000,000
75,000,000
3,000,000
2,000,000
12,000,000
1,000,000
nan
nan
nan
3,000,000
2,000,000
nan
6,000,000
4,000,000
5,000,000
nan
13,500,000
nan
nan
147,000
1,000,000
nan
nan
90,000
650,000
5,000,000
147,000
nan
5,000,000
nan
147,000
20,000,000
600,000
10,000,000
nan
nan
4,000,000
nan
nan
nan
nan
nan
nan
100,000
2,000,000
nan
3,000,000
1,000,000
963,000
150,000
200,000
2,000,000
218,000
100,000
440,000
500,000
nan
500,000
nan
5,000,000
nan
2,000,000
200,000
450,000
nan
nan
2,000,000
4,200,000
3,000,000
nan
1,000,000
2,500,000
3,750,000
nan
nan
nan
1,200,000
nan
300,000
nan
1,050,000
100,000
2,200,000
15,000,000
nan
375,000
50,000,000
500,000
nan
2,000,000
nan
nan
450,000
25,000
7,000,000
6,000,000
nan
nan
nan
25,000,000
227,000
1,000,000
nan
nan
300,000
16,000,000
150,000
nan
nan
2,500,000
nan
30,000,000
1,100,000
750,000
nan
nan
nan
300,000
nan
3,000,000
7,500,000
6,000,000
500,000
nan
nan
100,000
1,000,000
nan
1,000,000
700,000
971,000
27,000,000
nan
100,000
100,000
100,000
750,000
1,000,000
nan
6,700,000
nan
nan
nan
nan
nan
1,350,000
500,000
nan
900,000
8,000,000
500,000
6,000,000
315,000
670,000
200,000
50,000,000
nan
nan
150,000
450,000
nan
448,000
3,000,000
12,300,000
300,000
nan
nan
nan
2,500,000
nan
150,000
nan
200,000
5,000,000
1,500,000
100,000
1,000,000
750,000
nan
15,000,000
nan
500,000
nan
1,000,000
nan
31,300,000
298,000
350,000
6,000,000
nan
425,000
1,000,000
745,000
6,000,000
nan
nan
nan
nan
nan
1,580,000
nan
500,000
1,000,000
1,000,000
51,000,000
180,000
nan
1,500,000
nan
19,000,000
nan
12,000,000
200,000
275,000
3,000,000
2,500,000
1,800,000
nan
1,000,000
nan
225,000
890,000
500,000
nan
nan
27,000
nan
40,000
445,000
200,000
nan
nan
500,000
600,000
7,000,000
nan
209,000
15,000,000
1,500,000
1,500,000
15,600,000
500,000
nan
nan
nan
62,000,000
175,000,000
500,000
1,500,000
250,000
nan
375,000
nan
675,000
nan
nan
nan
20,000,000
375,000
nan
nan
37,000,000
nan
nan
100,000
nan
200,000
nan
1,000,000
100,000
500,000
nan
500,000
900,000
3,000,000
nan
nan
3,000,000
nan
nan
24,000,000
500,000
40,000,000
550,000
nan
3,000,000
7,000,000
nan
1,000,000
15,000,000
149,000
104,000
60,000,000
2,000,000
3,000,000
nan
5,300,000
nan
nan
nan
500,000
nan
700,000
nan
15,000,000
200,000
2,000,000
nan
16,000,000
1,000,000
82,000,000
1,700,000
740,000
250,000
297,000
2,000,000
1,000,000
nan
nan
nan
1,950,000
6,000,000
3,500,000
3,000,000
12,250,000
nan
nan
nan
nan
5,000,000
nan
600,000
1,350,000
nan
5,000,000
nan
nan
450,000
1,070,000
nan
1,000,000
2,000,000
nan
250,000
nan
6,000,000
650,000
650,000
30,000,000
nan
nan
10,000,000
15,000,000
1,000,000
250,000
1,000,000
595,000
nan
1,000,000
nan
595,000
nan
nan
nan
nan
nan
1,000,000
nan
1,000,000
nan
75,000
2,000,000
448,000
4,000,000
2,000,000
100,000
23,000,000
1,000,000
1,000,000
500,000
200,000
nan
nan
16,000,000
nan
200,000
nan
nan
2,000,000
nan
500,000
nan
nan
nan
nan
nan
nan
nan
1,000,000
30,000
nan
nan
nan
6,000,000
1,000,000
4,400,000
450,000
nan
450,000
600,000
nan
nan
20,000,000
nan
12,000,000
900,000
5,200,000
nan
nan
nan
nan
nan
150,000
nan
nan
nan
400,000
225,000
nan
150,000
6,000,000
150,000
3,500,000
210,000
nan
nan
50,000
nan
500,000
6,000,000
3,000,000
148,000
1,200,000
100,000
nan
3,000,000
8,000,000
300,000
32,000,000
295,000
nan
nan
100,000
50,000
nan
1,500,000
25,000,000
220,000
nan
368,000
nan
376,000
145,000
nan
50,000,000
nan
250,000
nan
180,000
nan
200,000
60,000,000
12,000,000
200,000
200,000
150,000
500,000
500,000
500,000
nan
375,000
1,000,000
nan
75,000
2,750,000
450,000
250,000
6,000,000
1,500,000
18,000,000
1,500,000
7,000,000
900,000
nan
100,000,000
500,000
25,000,000
150,000
nan
nan
nan
nan
13,500,000
2,200,000
1,000,000
nan
nan
nan
nan
250,000
100,000
nan
10,000,000
1,000,000
nan
1,000,000
nan
500,000
500,000
300,000
nan
89,000
nan
1,000,000
nan
1,500,000
100,000
nan
2,000,000
nan
475,000
nan
200,000
nan
4,400,000
8,900,000
nan
nan
175,000
2,700,000
nan
nan
nan
nan
25,000,000
nan
nan
nan
nan
1,000,000
500,000
6,000,000
1,000,000
nan
nan
nan
40,000
200,000
nan
100,000,000
300,000
1,000,000
nan
nan
nan
1,000,000
150,000
250,000
750,000
nan
100,000
nan
1,000,000
nan
15,000,000
nan
nan
30,000,000
150,000
nan
nan
nan
nan
10,000,000
nan
1,500,000
450,000
nan
2,000,000
nan
nan
nan
15,000,000
nan
nan
nan
nan
nan
nan
3,000,000
nan
nan
450,000
200,000
nan
550,000
15,000,000
1,300,000
15,000,000
500,000
nan
nan
450,000
nan
600,000
1,200,000
500,000
100,000
nan
nan
nan
nan
600,000
nan
1,400,000
nan
1,000,000
500,000
nan
1,000,000
nan
150,000
nan
100,000
nan
4,000,000
500,000
3,000,000
500,000
250,000
nan
100,000
nan
nan
nan
750,000
8,000,000
650,000
nan
500,000
2,500,000
1,000,000
nan
400,000
nan
11,100,000
nan
15,000,000
1,000,000
nan
223,608
14,900,000
nan
1,000,000
150,000
250,000
180,000
nan
nan
250,000
200,000
230,000
800,000
108,000
1,500,000
30,000
nan
nan
2,000,000
75,000,000
150,000,000
600,000
nan
nan
360,000
nan
100,000
300,000
nan
330,000
nan
500,000
150,000
300,000
nan
300,000
4,700,000
200,000
500,000
nan
400,000
nan
nan
nan
4,000,000
nan
22,500
22,500
22,500
22,500
1,000,000
100,000
100,000
30,000
30,000
nan
13,500,000
nan
nan
nan
1,000,000
81,000
52,000
1,000,000
nan
nan
100,000
100,000
nan
nan
nan
12,500,000
nan
nan
nan
nan
200,000
nan
1,200,000
150,000
nan
nan
nan
nan
125,000
1,000,000
1,000,000
4,000,000
5,000,000
200,000,000
nan
nan
50,000
300,000
500,000
nan
1,000,000
970,000
nan
4,000,000
nan
nan
nan
350,000
nan
10,000,000
5,000,000
nan
nan
73,000
nan
nan
300,000
350,000
5,000,000
nan
nan
400,000
nan
1,000,000
3,000,000
100,000
nan
4,500,000
37,000
nan
11,000,000
nan
160,000
nan
10,000,000
400,000
150,000
nan
5,000,000
nan
5,800,000
70,000
145,000
2,500,000
nan
13,000,000
nan
nan
nan
nan
nan
6,000,000
nan
100,000
nan
150,000
5,000,000
nan
nan
750,000
1,000,000
150,000
3,000,000
750,000
nan
nan
160,000
100,000
180,000,000
5,000,000
250,000
45,000
nan
nan
5,400,000
nan
16,500,000
1,000,000
nan
100,000,000
nan
2,300,000
250,000
145,000,000
100,000
240,000
nan
4,000,000
nan
nan
nan
520,000
nan
nan
200,000
nan
nan
nan
nan
nan
6,000,000
35,000,000
nan
nan
nan
1,400,000
5,000,000
445,000
3,500,000
nan
1,800,000
20,000,000
4,000,000
40,000
nan
nan
500,000
2,200,000
15,000,000
3,000,000
200,000
nan
7,200,000
nan
nan
515,000
35,000,000
30,000,000
nan
150,000
21,000,000
nan
nan
4,000,000
1,000,000
nan
1,000,000
370,000
nan
nan
nan
160,000
nan
185,000
17,000,000
5,150,000
1,100,000
nan
nan
nan
nan
1,000,000
nan
nan
5,600,000
500,000
nan
2,000,000
1,500,000
nan
nan
100,000
20,000,000
nan
nan
100,000
100,000
20,000,000
nan
nan
4,500,000
30,000,000
nan
250,000
100,000
nan
nan
2,000,000
3,000,000
nan
350,000
3,000,000
nan
25,000,000
5,000,000
500,000
500,000
10,000,000
nan
2,500,000
7,000,0000
600,000
nan
nan
nan
150,000
nan
1,000,000
nan
3,500,000
nan
200,000
3,000,000
nan
nan
1,000,000
22,500,000
2,000,000
1,200,000
nan
30,000,000
1,700,000
nan
1,200,000
nan
nan
200,000
2,000,000
4,000,000
2,000,000
nan
nan
nan
3,000,000
nan
750,000
500,000
1,000,000
nan
1,000,000
5,000,000
nan
303,000
nan
2,200,000
1,000,000
500,000
150,000
6,600,000
nan
200,000
750,000
nan
nan
5,000,000
150,000
385,000
320,000
500,000
16,600,000
250,000
nan
400,000
150,000
200,000
nan
nan
1,800,000
2,000,000
460,000
490,000
nan
15,000,000
500,000
1,500,000
1,000,000
1,900,000
150,000
150,000
6,000,000
nan
600,000
nan
500,000
nan
250,000
nan
3,700,000
180,000
nan
15,000,000
34,000,000
600,000
7,500,000
200,000
530,000
300,000
500,000,000
2,500,000
4,000,000
nan
nan
nan
nan
25,000,000
500,000
nan
455,000
12,500,000
nan
305,000
150,000
3,000,000
nan
1,200,000
100,000
2,000,000
100,000
250,000
nan
52,000,000
nan
1,500,000
110,000
27,000,000
nan
13,400,000
120,000,000
1,000,000
nan
nan
2,000,000
nan
nan
nan
nan
1,450,000
540,000
nan
9,000,000
nan
nan
nan
nan
nan
350,000
nan
nan
2,000,000
6,000,000
9,500,000
15,000,000
1,000,000
150,000
700,000
500,000
10,000,000
nan
500,000
6,000,000
3,000,000
nan
20,000,000
nan
nan
2,000,000
7,700,000
nan
10,000,000
310,000
70,000
nan
8,000,000
300,000
nan
1,000,000
77,000
190,000
nan
nan
100,000
nan
nan
1,000,000
2,500,000
50,000
nan
77,000
nan
nan
nan
nan
nan
1,000,000
nan
25,000,000
100,000
nan
7,000,000
10,000,000
nan
nan
2,950,000
1,530,000
100,000
640,000
nan
150,000
150,000
1,000,000
250,000
5,000,000
400,000
500,000
50,000,000
9,000,000
nan
77,000
350,000
10,000,000
nan
1,100,000
200,000
nan
nan
nan
450,000
nan
nan
130,000
7,500,000
2,000,000
230,000
80,000
10,000,000
100,000
nan
1,000,000
900,000
nan
40,000,000
45,000,000
260,000
nan
40,000,000
nan
150,000
100,000
2,000,000
600,000
205,000
60,000,000
1,800,000
400,000
nan
nan
770,000
9,200,000
315,000
100,000
nan
1,000,000
nan
15,000,000
nan
1,200,000
9,000,000
3,000,000
225,000,000
2,000,000
4,250,000
nan
1,000,000
300,000
nan
10,000,000
410,000
450,000
nan
nan
75,000,000
600,000
350,000
1,150,000
150,000
150,000
nan
37,500,000
235,000
nan
125,000
nan
nan
3,000,000
nan
nan
800,000
400,000
10,000,000
300,000
nan
nan
1,200,000
2,250,000
1,750,000
3,300,000
400,000
2,000,000
1,000,000
nan
nan
30,000,000
680,000,000
100,000,000
36,000,000
nan
nan
350,000
nan
5,000,000
1,000,000
nan
1,000,000
500,000,000
400,000
nan
5,000,000
nan
nan
100,000,000
nan
9,600,000
1,300,000
650,000
1,300,000
30,000,000
3,000,000
500,000
nan
785,000
nan
500,000
90,000,000
nan
nan
700,000
25,000,000
nan
630,000
500,000
nan
nan
nan
500,000
80,000
nan
250,000
16,000,000
250,000
1,000,000
30,000,000
8,000,000
1,600,000
100,000
20,000,000
63,000,000
7,500,000
50,000,000
770,000
2,500,000
500,000
25,000,000
nan
4,000,000
100,000
245,000
nan
220,000
nan
160,000
nan
nan
nan
310,000
nan
15,000,000
4,200,000
1,000,000
nan
nan
1,000,000
nan
2,400,000
nan
20,000,000
156,000
600,000
600,000
500,000
300,000
400,000
nan
nan
1,000,000
3,000,000
4,000,000
250,000
100,000
400,000
nan
500,000
nan
nan
nan
nan
2,000,000
160,000
nan
300,000
4,000,000
nan
nan
nan
1,000,000
630,000
nan
nan
13,500,000
60,000,000
5,000,000
161,000
6,500,000
nan
1,000,000
nan
395,000
nan
nan
30,000,000
nan
3,000,000
5,000,000
nan
nan
nan
100,000,000
11,000,000
30,000,000
20,000
nan
470,000
7,500,000
10,000,000
10,200,000
11,000,000
20,000,000
16,200,000
nan
nan
600,000
685,000
19,350,000
5,000,000
10,000,000
nan
10,000,000
nan
300,000
7,500,000
790,000
500,000
100,000,000
2,300,000
nan
11,000,000
700,000
1,600,000
100,000
15,000,000
4,850,000
nan
1,000,000
2,000,000
30,000,000
12,750,000
25,000,000
320,000
nan
20,000,000
15,000,000
1,000,000
60,000,000
nan
1,000,000
nan
15,000,000
6,000,000
nan
nan
nan
100,000,000
700,000,000
1,300,000
1,000,000
2,000,000
2,400,000
50,000,000
1,200,000
600,000
2,400,000
16,000,000
168,000
168,000
nan
nan
500,000
nan
2,000,000
5,000,000
nan
6,000,000
500,000
4,000,000
350,000
nan
1,000,000
550,000
500,000
35,000,000
350,000
nan
nan
3,000,000
100,000
15,000,000
150,000
nan
250,000
nan
137,000,000
1,000,000
20,000,000
50,000,000
500,000
10,000,000
5,000,000
nan
40,000,000
5,000,000
16,500,000
234,000
nan
140,000
nan
5,000,000
350,000
250,000
16,000,000
50,000,000
nan
500,000
nan
nan
500,000
nan
nan
8,200,000
nan
3,000,000
5,000,000
nan
nan
4,000,000
11,000,000
120,000
10,000,000
3,100,000
5,000,000
nan
nan
500,000
nan
1,600,000
6,000,000
1,000,000
nan
nan
nan
nan
15,000,000
5,500,000
500,000
8,600,000
6,000,000
2,500,000
250,000
10,000,000
nan
1,000,000
400,000
nan
nan
nan
2,500,000
1,500,000
100,000,000
100,000
550,000
200,000
1,000,000
650,000
250,000
6,000,000
15,000,000
nan
85,000,000
15,000,000
nan
3,500,000
10,000,000
5,000,000
1,000,000
nan
2,000,000
150,000
nan
2,000,000
2,000,000
nan
2,000,000
nan
nan
nan
5,000,000
250,000
270,000
nan
nan
1,000,000
16,000,000
470,000
1,000,000
nan
5,500,000
10,000,000
3,000,000
nan
625,000
nan
500,000
nan
500,000
nan
2,000,000
200,000
1,000,000
1,000,000
5,000,000
180,000
240,000
5,000,000
nan
12,000,000
2,000,000
200,000
1,000,000
120,000
165,000
150,000,000
2,200,000
nan
10,000,000
25,000,000
400,000,000
200,000
2,000,000
165,000
50,000,000
nan
900,000
nan
25,000,000
10,000,000
300,000
500,000
1,000,000
1,250,000
5,000,000
35,000,000
10,000,000
40,000,000
1,600,000
1,200,000
12,000,000
nan
nan
4,000,000
6,000,000
50,000,000
28,000,000
nan
3,500,000
1,500,000
15,000,000
18,000,000
1,800,000
500,000
1,000,000
nan
nan
12,000,000
350,000
1,000,000
400,000
nan
10,000,000
nan
250,000
21,500,000
1,000,000
6,000,000
3,500,000
nan
400,000
500,000
8,000,000
5,500,000
120,000
15,000,000
nan
1,000,000
2,500,000
1,200,000
2,500,000
500,000
nan
1,000,000
150,000
5,000,000
20,000,000
nan
15,000,000
110,000,000
nan
5,000,000
nan
500,000
200,000
nan
166,000
1,300,000
166,000
50,000,000
nan
5,000,000
200,000
nan
2,000,000
2,800,000
nan
3,000,000
180,000
15,000,000
nan
120,000
nan
6,000,000
160,000
6,000,000
500,000
2,000,000
nan
25,000,000
5,000,000
1,750,000
nan
100,000
100,000
115,000
30,000,000
1,500,000
10,000,000
75,000,000
3,000,000
16,000,000
16,000,000
16,600
16,600
16,600
16,600
16,600
16,600
250,000
1,000,000
nan
26,000,000
325,000
518,000
60,000,000
nan
18,000,000
nan
100,000
80,000,000
40,000,000
3,000,000
nan
20,000,000
nan
nan
13,000,000
3,000,000
nan
nan
20,000,000
30,000,000
nan
1,000,000
16,500,000
4,150,000
1,000,000
nan
5,000,000
800,000
500,000
1,600,000
290,000
4,500,000
1,000,000
10,000,000
3,000,000
500,000
nan
250,000
160,000
nan
320,000
2,000,000
nan
16,000,000
1,200,000
10,000,000
2,150,000
315,000
380,000
10,000,000
135,000
285,000
nan
10,000,000
1,000,000
600,000
nan
125,000
nan
30,768
5,000,000
nan
13,000,000
nan
nan
290,000
nan
50,000,000
650,000
161,000
100,000,000
330,000
nan
200,000
16,000
16,000
16,000
16,000
16,000
11,000,000
nan
200,000
14,750,000
325,000
nan
3,250,000
200,000
nan
nan
56,000,000
31,000,000
1,500,000
nan
1,000,000
50,000,000
2,500,000
4,500,000
825,000
1,500,000
nan
140,000